grafo1 = [[0, 313, 844, 934, 96, 165, 789, 447, 201, 215, 938, 471, 766, 223, 129, 115, 944, 803, 644, 440, 66, 736, 383, 749, 717, 141, 162, 989, 254, 391, 960, 813, 666, 517, 959, 498, 367, 713, 320, 615, 361, 700, 829, 324, 997, 301, 447, 325, 409, 325, 205, 14, 593, 272, 567, 275, 143, 464, 953, 119, 186, 996, 67, 743, 190, 320, 354, 665, 989, 996, 453, 287, 954, 753, 765, 159, 810, 815, 959, 822, 319, 444, 754, 524, 291, 650, 870, 34, 101, 121, 366, 38, 887, 671, 691, 105, 957, 481, 390, 38], 
[313, 0, 981, 65, 845, 425, 813, 739, 727, 738, 469, 827, 547, 486, 771, 908, 257, 545, 735, 376, 163, 353, 607, 407, 700, 694, 344, 75, 844, 420, 220, 5, 654, 656, 168, 295, 988, 672, 508, 278, 476, 220, 788, 763, 846, 494, 309, 234, 906, 23, 293, 431, 241, 561, 249, 334, 932, 315, 808, 219, 167, 919, 50, 408, 775, 891, 471, 501, 774, 962, 49, 214, 400, 955, 737, 431, 856, 541, 128, 952, 580, 224, 58, 84, 976, 398, 914, 539, 784, 476, 317, 570, 221, 587, 284, 670, 413, 671, 33, 102], 
[844, 981, 0, 859, 157, 778, 520, 217, 939, 692, 535, 433, 980, 70, 898, 847, 316, 843, 592, 127, 136, 204, 503, 776, 722, 692, 203, 48, 132, 705, 8, 55, 562, 86, 968, 51, 561, 390, 799, 574, 463, 867, 628, 149, 385, 162, 906, 435, 60, 65, 445, 107, 479, 174, 230, 486, 389, 649, 460, 612, 926, 237, 130, 434, 644, 208, 360, 823, 309, 79, 563, 945, 131, 300, 346, 17, 237, 924, 962, 526, 383, 828, 25, 444, 705, 490, 316, 971, 804, 483, 719, 70, 300, 798, 884, 973, 669, 292, 448, 692], 
[934, 65, 859, 0, 248, 883, 309, 437, 815, 285, 518, 925, 244, 764, 769, 981, 433, 295, 270, 688, 987, 529, 940, 362, 566, 302, 884, 753, 542, 921, 241, 800, 609, 724, 925, 895, 611, 784, 939, 309, 869, 427, 447, 335, 708, 995, 739, 360, 187, 789, 539, 132, 14, 124, 764, 920, 459, 210, 325, 813, 896, 505, 867, 639, 223, 700, 168, 173, 478, 936, 735, 104, 762, 450, 183, 715, 81, 1000, 213, 991, 357, 152, 946, 711, 754, 565, 543, 497, 27, 743, 234, 792, 242, 532, 834, 359, 87, 697, 976, 869], 
[96, 845, 157, 248, 0, 846, 335, 826, 61, 812, 847, 362, 33, 322, 197, 373, 284, 297, 772, 952, 759, 535, 69, 596, 147, 373, 245, 623, 384, 776, 588, 885, 104, 892, 42, 253, 703, 745, 53, 120, 264, 802, 377, 220, 35, 497, 726, 609, 909, 699, 77, 511, 577, 928, 192, 625, 541, 768, 482, 852, 718, 923, 814, 366, 546, 811, 231, 385, 913, 185, 825, 643, 349, 515, 793, 228, 934, 613, 592, 403, 848, 524, 958, 289, 90, 602, 550, 262, 599, 322, 558, 167, 963, 87, 765, 393, 171, 919, 578, 826], 
[165, 425, 778, 883, 846, 0, 990, 286, 167, 149, 894, 649, 837, 835, 689, 67, 927, 668, 950, 60, 193, 712, 839, 814, 643, 71, 54, 35, 685, 925, 339, 906, 505, 932, 637, 460, 210, 658, 873, 563, 750, 19, 861, 14, 609, 445, 551, 593, 274, 358, 447, 264, 685, 849, 250, 821, 898, 134, 183, 92, 278, 245, 154, 183, 135, 370, 921, 993, 549, 270, 859, 777, 296, 389, 430, 687, 316, 864, 361, 713, 74, 674, 742, 283, 98, 973, 301, 861, 182, 686, 170, 115, 568, 825, 510, 236, 657, 353, 409, 717], 
[789, 813, 520, 309, 335, 990, 0, 126, 418, 159, 799, 443, 479, 844, 209, 195, 664, 982, 122, 942, 840, 140, 648, 564, 720, 598, 369, 161, 791, 899, 231, 629, 844, 46, 649, 575, 436, 902, 452, 374, 878, 763, 503, 106, 387, 585, 188, 657, 141, 116, 969, 840, 623, 560, 206, 467, 997, 440, 420, 423, 987, 703, 467, 739, 282, 644, 903, 843, 632, 969, 406, 832, 378, 433, 780, 638, 911, 48, 437, 396, 877, 93, 71, 937, 786, 15, 838, 987, 943, 878, 385, 548, 897, 224, 354, 20, 176, 536, 43, 102], 
[447, 739, 217, 437, 826, 286, 126, 0, 558, 24, 185, 105, 170, 47, 496, 48, 600, 639, 681, 731, 664, 403, 728, 70, 793, 3, 24, 250, 38, 1000, 849, 360, 698, 485, 987, 229, 233, 278, 201, 283, 197, 205, 590, 167, 730, 68, 347, 780, 360, 825, 913, 796, 923, 934, 917, 397, 136, 866, 239, 737, 848, 514, 179, 134, 669, 313, 557, 972, 591, 832, 617, 557, 727, 290, 845, 915, 532, 232, 213, 371, 542, 178, 122, 338, 962, 106, 688, 249, 452, 80, 239, 13, 806, 881, 840, 815, 115, 590, 968, 382], 
[201, 727, 939, 815, 61, 167, 418, 558, 0, 207, 455, 552, 476, 787, 56, 416, 694, 834, 308, 195, 772, 862, 770, 648, 713, 755, 452, 82, 889, 355, 885, 258, 536, 710, 525, 220, 265, 475, 846, 634, 889, 382, 917, 586, 493, 312, 316, 191, 742, 547, 721, 410, 474, 268, 270, 507, 402, 370, 432, 321, 627, 367, 602, 54, 504, 796, 90, 412, 349, 989, 537, 276, 891, 228, 719, 823, 268, 239, 34, 178, 504, 514, 699, 899, 232, 563, 505, 994, 445, 975, 778, 470, 516, 501, 665, 310, 155, 353, 225, 162], 
[215, 738, 692, 285, 812, 149, 159, 24, 207, 0, 89, 516, 814, 326, 196, 651, 454, 63, 933, 180, 54, 428, 115, 860, 535, 746, 164, 286, 812, 787, 402, 400, 973, 582, 952, 214, 121, 452, 154, 268, 168, 672, 191, 517, 596, 973, 311, 9, 982, 549, 502, 677, 907, 910, 569, 402, 934, 539, 542, 262, 938, 740, 127, 343, 114, 528, 258, 309, 950, 965, 77, 787, 191, 354, 973, 752, 563, 615, 295, 720, 246, 174, 192, 678, 264, 426, 743, 740, 836, 38, 194, 173, 516, 882, 421, 883, 825, 936, 307, 530], 
[938, 469, 535, 518, 847, 894, 799, 185, 455, 89, 0, 153, 300, 137, 383, 303, 996, 286, 64, 371, 540, 494, 968, 870, 630, 449, 173, 905, 16, 17, 366, 741, 188, 365, 59, 86, 898, 768, 645, 811, 358, 111, 631, 134, 710, 22, 250, 561, 686, 802, 894, 329, 116, 813, 529, 993, 923, 373, 914, 966, 190, 161, 955, 839, 41, 476, 766, 620, 294, 750, 57, 387, 771, 587, 202, 937, 684, 623, 55, 816, 136, 728, 367, 290, 198, 195, 425, 34, 290, 312, 555, 268, 619, 201, 104, 242, 455, 645, 822, 299], 
[471, 827, 433, 925, 362, 649, 443, 105, 552, 516, 153, 0, 869, 237, 854, 289, 939, 357, 632, 401, 454, 617, 721, 229, 94, 750, 15, 210, 144, 166, 910, 733, 859, 998, 452, 622, 744, 920, 243, 690, 773, 858, 897, 187, 697, 739, 460, 22, 113, 331, 950, 933, 652, 82, 154, 503, 35, 877, 671, 110, 582, 392, 970, 799, 450, 498, 548, 12, 599, 348, 54, 697, 422, 743, 117, 317, 562, 434, 101, 410, 546, 386, 288, 371, 545, 373, 891, 958, 580, 163, 686, 172, 457, 942, 743, 571, 875, 188, 26, 684], 
[766, 547, 980, 244, 33, 837, 479, 170, 476, 814, 300, 869, 0, 33, 113, 186, 920, 221, 610, 784, 434, 685, 61, 935, 593, 148, 505, 515, 632, 218, 407, 725, 80, 160, 379, 519, 938, 232, 208, 430, 911, 676, 708, 512, 157, 666, 807, 453, 552, 188, 818, 248, 448, 997, 473, 562, 925, 306, 582, 438, 158, 68, 292, 610, 758, 193, 126, 200, 30, 381, 814, 905, 362, 743, 857, 233, 558, 59, 263, 657, 807, 246, 954, 986, 554, 337, 530, 324, 226, 652, 663, 32, 832, 746, 504, 760, 109, 396, 922, 872], 
[223, 486, 70, 764, 322, 835, 844, 47, 787, 326, 137, 237, 33, 0, 827, 609, 569, 993, 198, 784, 982, 238, 656, 176, 185, 700, 628, 230, 613, 929, 331, 84, 657, 611, 777, 116, 2, 719, 995, 675, 611, 222, 949, 468, 238, 229, 756, 597, 445, 351, 736, 210, 493, 635, 306, 595, 88, 813, 569, 224, 645, 589, 540, 199, 516, 540, 281, 632, 710, 64, 420, 385, 656, 495, 333, 59, 451, 501, 699, 165, 501, 957, 913, 443, 212, 582, 712, 479, 81, 767, 723, 948, 793, 270, 815, 582, 270, 831, 379, 926], 
[129, 771, 898, 769, 197, 689, 209, 496, 56, 196, 383, 854, 113, 827, 0, 274, 801, 431, 777, 530, 7, 512, 863, 911, 640, 358, 169, 906, 837, 824, 895, 154, 722, 286, 892, 664, 184, 321, 612, 931, 783, 765, 169, 339, 461, 560, 678, 66, 649, 799, 806, 514, 26, 492, 42, 835, 380, 156, 277, 362, 696, 799, 869, 461, 76, 628, 958, 991, 325, 777, 100, 151, 665, 404, 656, 92, 114, 175, 517, 524, 187, 361, 561, 923, 14, 524, 117, 146, 689, 637, 763, 820, 941, 124, 804, 866, 3, 29, 806, 125], 
[115, 908, 847, 981, 373, 67, 195, 48, 416, 651, 303, 289, 186, 609, 274, 0, 830, 321, 495, 810, 694, 494, 666, 398, 637, 230, 116, 735, 291, 790, 59, 176, 414, 722, 645, 911, 358, 565, 868, 723, 188, 880, 655, 665, 91, 383, 194, 857, 455, 729, 679, 322, 449, 487, 33, 621, 688, 275, 916, 280, 53, 119, 15, 371, 239, 690, 229, 964, 417, 79, 177, 482, 760, 363, 128, 476, 460, 385, 421, 486, 291, 736, 402, 793, 487, 372, 536, 204, 878, 940, 956, 386, 135, 145, 255, 214, 571, 27, 626, 138], 
[944, 257, 316, 433, 284, 927, 664, 600, 694, 454, 996, 939, 920, 569, 801, 830, 0, 300, 324, 538, 598, 971, 7, 569, 48, 465, 969, 348, 104, 263, 664, 493, 365, 411, 197, 802, 17, 255, 699, 840, 373, 46, 401, 44, 490, 410, 943, 383, 417, 487, 282, 829, 498, 960, 761, 819, 439, 799, 751, 761, 439, 871, 283, 982, 273, 470, 9, 735, 583, 998, 498, 108, 703, 668, 401, 553, 898, 782, 232, 158, 916, 705, 915, 12, 27, 516, 931, 99, 191, 857, 542, 697, 399, 779, 997, 156, 388, 12, 989, 251], 
[803, 545, 843, 295, 297, 668, 982, 639, 834, 63, 286, 357, 221, 993, 431, 321, 300, 0, 977, 420, 352, 558, 34, 21, 938, 718, 338, 707, 963, 774, 573, 583, 406, 178, 831, 934, 953, 669, 583, 324, 163, 192, 583, 304, 984, 506, 204, 626, 256, 67, 538, 927, 876, 555, 949, 422, 31, 810, 963, 490, 8, 840, 709, 106, 577, 708, 329, 328, 356, 558, 743, 174, 972, 871, 748, 163, 86, 888, 511, 796, 315, 772, 174, 687, 778, 823, 803, 981, 221, 417, 369, 357, 446, 922, 717, 781, 827, 622, 398, 165], 
[644, 735, 592, 270, 772, 950, 122, 681, 308, 933, 64, 632, 610, 198, 777, 495, 324, 977, 0, 560, 124, 470, 345, 255, 325, 454, 437, 918, 765, 92, 957, 814, 842, 555, 438, 980, 214, 296, 53, 342, 753, 803, 194, 445, 614, 654, 530, 378, 745, 395, 420, 473, 501, 233, 47, 510, 699, 938, 371, 951, 633, 511, 990, 198, 798, 857, 9, 989, 317, 328, 774, 739, 15, 623, 772, 314, 954, 621, 190, 964, 702, 249, 808, 245, 155, 654, 154, 883, 155, 666, 524, 807, 933, 453, 737, 712, 756, 700, 739, 332], 
[440, 376, 127, 688, 952, 60, 942, 731, 195, 180, 371, 401, 784, 784, 530, 810, 538, 420, 560, 0, 333, 514, 972, 867, 80, 421, 431, 805, 511, 620, 976, 781, 685, 767, 974, 823, 323, 54, 110, 783, 458, 537, 288, 4, 606, 699, 920, 811, 627, 738, 345, 278, 696, 163, 875, 272, 159, 178, 230, 156, 153, 867, 776, 168, 966, 166, 39, 941, 194, 635, 479, 174, 830, 685, 649, 502, 15, 546, 912, 71, 255, 649, 600, 155, 767, 116, 860, 425, 871, 867, 356, 829, 209, 533, 404, 844, 277, 975, 430, 122], 
[66, 163, 136, 987, 759, 193, 840, 664, 772, 54, 540, 454, 434, 982, 7, 694, 598, 352, 124, 333, 0, 978, 313, 221, 973, 649, 484, 120, 985, 849, 760, 455, 266, 462, 851, 884, 935, 13, 615, 198, 506, 637, 833, 691, 87, 984, 969, 176, 191, 699, 661, 555, 841, 209, 819, 700, 972, 249, 972, 593, 706, 909, 99, 226, 505, 864, 127, 644, 296, 975, 868, 390, 359, 394, 842, 914, 448, 763, 781, 954, 673, 74, 154, 856, 196, 347, 742, 933, 619, 704, 137, 900, 637, 793, 178, 745, 166, 567, 706, 239], 
[736, 353, 204, 529, 535, 712, 140, 403, 862, 428, 494, 617, 685, 238, 512, 494, 971, 558, 470, 514, 978, 0, 149, 643, 403, 914, 191, 601, 114, 203, 648, 728, 526, 436, 618, 922, 578, 288, 197, 348, 459, 383, 455, 565, 482, 211, 805, 91, 459, 348, 979, 733, 166, 194, 714, 90, 187, 961, 910, 663, 277, 379, 33, 390, 288, 776, 710, 136, 759, 687, 235, 596, 674, 675, 464, 494, 460, 748, 498, 610, 440, 929, 516, 17, 71, 312, 326, 899, 902, 625, 439, 577, 818, 761, 565, 473, 686, 67, 248, 724], 
[383, 607, 503, 940, 69, 839, 648, 728, 770, 115, 968, 721, 61, 656, 863, 666, 7, 34, 345, 972, 313, 149, 0, 55, 340, 511, 822, 813, 48, 400, 873, 457, 201, 425, 319, 919, 532, 258, 64, 63, 906, 255, 586, 663, 560, 422, 98, 70, 610, 435, 801, 372, 841, 472, 818, 83, 251, 31, 395, 716, 54, 306, 336, 598, 488, 902, 895, 385, 540, 133, 900, 792, 27, 281, 327, 605, 637, 128, 559, 1, 846, 292, 291, 712, 82, 805, 201, 999, 254, 760, 342, 368, 29, 646, 494, 176, 253, 295, 864, 703], 
[749, 407, 776, 362, 596, 814, 564, 70, 648, 860, 870, 229, 935, 176, 911, 398, 569, 21, 255, 867, 221, 643, 55, 0, 623, 403, 324, 482, 592, 616, 957, 599, 281, 49, 81, 428, 427, 757, 683, 621, 956, 54, 855, 368, 123, 800, 368, 890, 5, 501, 680, 990, 481, 737, 58, 17, 480, 144, 27, 144, 795, 797, 108, 260, 424, 722, 135, 604, 969, 512, 185, 788, 718, 422, 652, 413, 999, 640, 112, 786, 246, 781, 959, 296, 825, 856, 344, 508, 520, 82, 999, 719, 678, 30, 763, 334, 715, 608, 404, 637], 
[717, 700, 722, 566, 147, 643, 720, 793, 713, 535, 630, 94, 593, 185, 640, 637, 48, 938, 325, 80, 973, 403, 340, 623, 0, 541, 883, 32, 812, 304, 609, 982, 946, 77, 909, 630, 886, 494, 633, 112, 186, 81, 979, 218, 416, 4, 384, 996, 203, 3, 4, 305, 997, 465, 464, 44, 821, 540, 149, 791, 23, 516, 144, 843, 154, 67, 116, 445, 196, 915, 956, 137, 724, 821, 899, 457, 786, 748, 892, 316, 206, 846, 769, 370, 655, 332, 112, 402, 926, 258, 570, 499, 457, 676, 257, 682, 952, 391, 573, 42], 
[141, 694, 692, 302, 373, 71, 598, 3, 755, 746, 449, 750, 148, 700, 358, 230, 465, 718, 454, 421, 649, 914, 511, 403, 541, 0, 282, 368, 572, 866, 795, 580, 562, 416, 316, 549, 470, 82, 132, 534, 388, 131, 770, 827, 498, 272, 489, 353, 884, 590, 665, 912, 803, 975, 188, 832, 885, 200, 844, 840, 606, 335, 379, 372, 1000, 712, 463, 634, 579, 142, 843, 80, 796, 556, 819, 94, 301, 332, 361, 661, 523, 50, 618, 305, 559, 24, 13, 641, 497, 347, 118, 149, 375, 29, 203, 329, 322, 93, 760, 388], 
[162, 344, 203, 884, 245, 54, 369, 24, 452, 164, 173, 15, 505, 628, 169, 116, 969, 338, 437, 431, 484, 191, 822, 324, 883, 282, 0, 201, 756, 748, 591, 788, 954, 128, 415, 839, 511, 1000, 833, 493, 423, 728, 959, 656, 778, 647, 969, 117, 893, 782, 205, 900, 697, 464, 305, 912, 805, 886, 426, 57, 883, 716, 603, 490, 892, 318, 289, 682, 353, 627, 160, 96, 447, 559, 692, 781, 664, 62, 978, 877, 958, 730, 643, 650, 959, 370, 709, 292, 646, 763, 346, 308, 450, 915, 853, 434, 479, 47, 902, 238], 
[989, 75, 48, 753, 623, 35, 161, 250, 82, 286, 905, 210, 515, 230, 906, 735, 348, 707, 918, 805, 120, 601, 813, 482, 32, 368, 201, 0, 132, 808, 746, 508, 763, 577, 249, 604, 546, 793, 566, 735, 66, 308, 208, 496, 518, 552, 357, 2, 878, 191, 593, 248, 906, 751, 563, 215, 21, 224, 913, 985, 343, 901, 1, 746, 348, 149, 461, 579, 426, 577, 686, 730, 858, 166, 503, 389, 796, 334, 655, 49, 74, 571, 41, 50, 587, 396, 729, 367, 428, 362, 590, 335, 364, 380, 938, 13, 122, 838, 725, 975], 
[254, 844, 132, 542, 384, 685, 791, 38, 889, 812, 16, 144, 632, 613, 837, 291, 104, 963, 765, 511, 985, 114, 48, 592, 812, 572, 756, 132, 0, 405, 106, 869, 620, 401, 148, 31, 560, 464, 345, 23, 806, 74, 704, 765, 943, 526, 81, 247, 573, 919, 45, 312, 91, 672, 195, 654, 276, 418, 210, 63, 16, 680, 155, 255, 624, 472, 818, 628, 878, 701, 453, 813, 99, 948, 654, 175, 760, 165, 443, 363, 862, 686, 323, 665, 739, 679, 733, 329, 453, 968, 556, 304, 646, 844, 27, 583, 951, 697, 107, 684], 
[391, 420, 705, 921, 776, 925, 899, 1000, 355, 787, 17, 166, 218, 929, 824, 790, 263, 774, 92, 620, 849, 203, 400, 616, 304, 866, 748, 808, 405, 0, 3, 406, 991, 551, 135, 675, 486, 490, 46, 319, 627, 888, 899, 209, 217, 958, 903, 484, 991, 730, 8, 394, 357, 929, 783, 543, 398, 674, 744, 866, 413, 660, 204, 587, 297, 902, 720, 527, 917, 691, 171, 24, 63, 874, 1, 41, 270, 207, 120, 372, 182, 247, 271, 339, 233, 414, 828, 952, 421, 176, 53, 554, 851, 348, 807, 177, 207, 226, 193, 772], 
[960, 220, 8, 241, 588, 339, 231, 849, 885, 402, 366, 910, 407, 331, 895, 59, 664, 573, 957, 976, 760, 648, 873, 957, 609, 795, 591, 746, 106, 3, 0, 518, 798, 349, 340, 46, 652, 206, 55, 25, 753, 601, 26, 902, 512, 799, 895, 49, 22, 630, 112, 997, 401, 965, 186, 479, 442, 911, 431, 521, 294, 92, 406, 922, 432, 812, 56, 844, 610, 219, 186, 631, 340, 397, 175, 155, 864, 368, 120, 182, 543, 157, 1, 102, 308, 176, 546, 464, 47, 416, 758, 410, 719, 237, 775, 220, 602, 621, 840, 904], 
[813, 5, 55, 800, 885, 906, 629, 360, 258, 400, 741, 733, 725, 84, 154, 176, 493, 583, 814, 781, 455, 728, 457, 599, 982, 580, 788, 508, 869, 406, 518, 0, 660, 921, 327, 553, 668, 125, 597, 842, 952, 224, 366, 616, 688, 762, 596, 232, 33, 249, 402, 188, 113, 994, 123, 155, 761, 529, 956, 526, 622, 690, 779, 42, 947, 753, 457, 3, 399, 620, 819, 234, 956, 219, 135, 528, 693, 162, 648, 137, 527, 784, 156, 366, 820, 264, 849, 238, 892, 186, 587, 853, 609, 125, 206, 806, 28, 910, 60, 15], 
[666, 654, 562, 609, 104, 505, 844, 698, 536, 973, 188, 859, 80, 657, 722, 414, 365, 406, 842, 685, 266, 526, 201, 281, 946, 562, 954, 763, 620, 991, 798, 660, 0, 268, 819, 753, 228, 321, 960, 523, 455, 473, 127, 330, 243, 599, 247, 223, 549, 305, 869, 31, 625, 330, 282, 880, 183, 946, 755, 123, 757, 472, 305, 21, 110, 720, 302, 936, 91, 41, 953, 464, 465, 463, 247, 17, 815, 38, 767, 30, 648, 736, 129, 606, 324, 620, 617, 616, 636, 136, 549, 778, 11, 425, 560, 585, 18, 905, 797, 165], 
[517, 656, 86, 724, 892, 932, 46, 485, 710, 582, 365, 998, 160, 611, 286, 722, 411, 178, 555, 767, 462, 436, 425, 49, 77, 416, 128, 577, 401, 551, 349, 921, 268, 0, 618, 813, 183, 173, 534, 664, 569, 811, 449, 701, 639, 460, 515, 307, 916, 284, 394, 849, 732, 362, 523, 873, 860, 424, 343, 359, 751, 981, 140, 601, 48, 49, 465, 498, 410, 645, 60, 30, 69, 107, 606, 602, 83, 459, 455, 54, 900, 252, 823, 402, 725, 158, 134, 64, 200, 962, 238, 134, 610, 577, 523, 450, 206, 329, 681, 379], 
[959, 168, 968, 925, 42, 637, 649, 987, 525, 952, 59, 452, 379, 777, 892, 645, 197, 831, 438, 974, 851, 618, 319, 81, 909, 316, 415, 249, 148, 135, 340, 327, 819, 618, 0, 631, 689, 138, 988, 40, 200, 91, 612, 383, 896, 169, 842, 3, 300, 845, 302, 565, 600, 473, 640, 96, 575, 621, 403, 841, 184, 497, 474, 88, 904, 782, 743, 203, 740, 516, 53, 617, 902, 398, 752, 110, 947, 866, 834, 188, 240, 619, 148, 511, 144, 282, 917, 655, 527, 259, 124, 342, 398, 394, 312, 941, 4, 854, 458, 804], 
[498, 295, 51, 895, 253, 460, 575, 229, 220, 214, 86, 622, 519, 116, 664, 911, 802, 934, 980, 823, 884, 922, 919, 428, 630, 549, 839, 604, 31, 675, 46, 553, 753, 813, 631, 0, 696, 623, 564, 258, 569, 17, 788, 535, 742, 41, 780, 53, 517, 275, 23, 379, 764, 604, 619, 12, 874, 850, 497, 327, 129, 354, 870, 361, 413, 411, 895, 910, 957, 517, 161, 821, 23, 449, 14, 921, 984, 140, 504, 650, 729, 514, 836, 562, 178, 480, 873, 464, 503, 705, 519, 754, 52, 484, 514, 792, 919, 733, 140, 512], 
[367, 988, 561, 611, 703, 210, 436, 233, 265, 121, 898, 744, 938, 2, 184, 358, 17, 953, 214, 323, 935, 578, 532, 427, 886, 470, 511, 546, 560, 486, 652, 668, 228, 183, 689, 696, 0, 263, 596, 346, 377, 17, 936, 969, 798, 976, 774, 144, 402, 155, 237, 909, 205, 935, 408, 789, 856, 831, 167, 531, 302, 112, 200, 701, 383, 223, 483, 895, 228, 484, 265, 470, 973, 388, 270, 106, 264, 745, 341, 156, 581, 389, 514, 73, 421, 920, 645, 616, 898, 677, 662, 820, 120, 321, 657, 453, 734, 261, 24, 92], 
[713, 672, 390, 784, 745, 658, 902, 278, 475, 452, 768, 920, 232, 719, 321, 565, 255, 669, 296, 54, 13, 288, 258, 757, 494, 82, 1000, 793, 464, 490, 206, 125, 321, 173, 138, 623, 263, 0, 635, 164, 186, 373, 386, 214, 379, 879, 670, 342, 457, 347, 727, 218, 475, 340, 936, 32, 498, 299, 900, 740, 575, 203, 706, 543, 498, 566, 557, 975, 995, 211, 53, 190, 328, 421, 18, 165, 963, 782, 790, 166, 783, 936, 382, 452, 208, 566, 876, 355, 817, 122, 352, 181, 823, 280, 94, 147, 983, 264, 522, 925], 
[320, 508, 799, 939, 53, 873, 452, 201, 846, 154, 645, 243, 208, 995, 612, 868, 699, 583, 53, 110, 615, 197, 64, 683, 633, 132, 833, 566, 345, 46, 55, 597, 960, 534, 988, 564, 596, 635, 0, 859, 569, 212, 767, 923, 973, 612, 390, 185, 160, 130, 559, 706, 760, 298, 475, 485, 940, 895, 343, 149, 291, 301, 956, 918, 163, 426, 912, 732, 959, 177, 523, 902, 682, 349, 163, 741, 18, 626, 895, 874, 846, 181, 903, 292, 441, 809, 827, 503, 659, 323, 29, 311, 442, 984, 730, 325, 482, 784, 862, 477], 
[615, 278, 574, 309, 120, 563, 374, 283, 634, 268, 811, 690, 430, 675, 931, 723, 840, 324, 342, 783, 198, 348, 63, 621, 112, 534, 493, 735, 23, 319, 25, 842, 523, 664, 40, 258, 346, 164, 859, 0, 473, 675, 824, 213, 896, 242, 979, 839, 777, 665, 535, 570, 54, 205, 701, 219, 742, 369, 109, 133, 286, 382, 886, 544, 425, 539, 438, 228, 846, 41, 903, 539, 36, 472, 701, 134, 55, 509, 152, 864, 961, 542, 576, 376, 6, 30, 403, 40, 293, 921, 920, 383, 450, 157, 742, 585, 975, 177, 333, 243], 
[361, 476, 463, 869, 264, 750, 878, 197, 889, 168, 358, 773, 911, 611, 783, 188, 373, 163, 753, 458, 506, 459, 906, 956, 186, 388, 423, 66, 806, 627, 753, 952, 455, 569, 200, 569, 377, 186, 569, 473, 0, 280, 270, 981, 475, 23, 299, 872, 8, 122, 416, 275, 714, 93, 94, 588, 156, 558, 199, 626, 624, 404, 732, 415, 517, 80, 622, 78, 672, 195, 79, 689, 242, 26, 121, 371, 192, 129, 952, 214, 899, 725, 516, 512, 16, 871, 127, 101, 954, 926, 899, 483, 702, 960, 527, 39, 655, 669, 319, 935], 
[700, 220, 867, 427, 802, 19, 763, 205, 382, 672, 111, 858, 676, 222, 765, 880, 46, 192, 803, 537, 637, 383, 255, 54, 81, 131, 728, 308, 74, 888, 601, 224, 473, 811, 91, 17, 17, 373, 212, 675, 280, 0, 443, 457, 473, 630, 262, 994, 894, 427, 569, 48, 884, 270, 663, 838, 666, 645, 660, 185, 304, 824, 558, 635, 885, 95, 333, 675, 193, 500, 961, 17, 756, 793, 187, 567, 607, 341, 904, 829, 476, 66, 582, 180, 580, 958, 772, 554, 583, 216, 701, 511, 832, 175, 88, 389, 319, 551, 279, 887], 
[829, 788, 628, 447, 377, 861, 503, 590, 917, 191, 631, 897, 708, 949, 169, 655, 401, 583, 194, 288, 833, 455, 586, 855, 979, 770, 959, 208, 704, 899, 26, 366, 127, 449, 612, 788, 936, 386, 767, 824, 270, 443, 0, 703, 301, 464, 908, 925, 161, 833, 921, 958, 354, 728, 414, 516, 251, 219, 925, 285, 727, 31, 618, 565, 940, 456, 655, 592, 676, 342, 322, 962, 350, 51, 352, 215, 675, 603, 85, 991, 721, 66, 937, 610, 983, 650, 980, 897, 304, 301, 148, 644, 305, 827, 338, 35, 633, 548, 760, 525], 
[324, 763, 149, 335, 220, 14, 106, 167, 586, 517, 134, 187, 512, 468, 339, 665, 44, 304, 445, 4, 691, 565, 663, 368, 218, 827, 656, 496, 765, 209, 902, 616, 330, 701, 383, 535, 969, 214, 923, 213, 981, 457, 703, 0, 779, 806, 795, 18, 200, 356, 990, 769, 230, 432, 920, 843, 841, 907, 607, 273, 304, 838, 178, 274, 475, 672, 364, 844, 87, 12, 244, 266, 705, 639, 656, 912, 781, 218, 542, 242, 112, 584, 50, 494, 53, 86, 14, 339, 87, 94, 659, 398, 210, 793, 969, 755, 876, 703, 259, 400], 
[997, 846, 385, 708, 35, 609, 387, 730, 493, 596, 710, 697, 157, 238, 461, 91, 490, 984, 614, 606, 87, 482, 560, 123, 416, 498, 778, 518, 943, 217, 512, 688, 243, 639, 896, 742, 798, 379, 973, 896, 475, 473, 301, 779, 0, 716, 677, 126, 595, 202, 734, 326, 763, 349, 446, 417, 613, 220, 63, 999, 967, 734, 811, 606, 806, 389, 798, 457, 103, 800, 464, 953, 418, 892, 8, 561, 496, 463, 150, 796, 605, 934, 921, 821, 369, 751, 382, 600, 786, 1000, 66, 792, 19, 601, 367, 918, 715, 164, 665, 41], 
[301, 494, 162, 995, 497, 445, 585, 68, 312, 973, 22, 739, 666, 229, 560, 383, 410, 506, 654, 699, 984, 211, 422, 800, 4, 272, 647, 552, 526, 958, 799, 762, 599, 460, 169, 41, 976, 879, 612, 242, 23, 630, 464, 806, 716, 0, 202, 45, 279, 276, 19, 410, 164, 678, 75, 773, 965, 364, 433, 748, 503, 120, 183, 904, 754, 487, 114, 414, 564, 238, 139, 367, 611, 459, 289, 953, 105, 672, 897, 850, 396, 320, 571, 843, 89, 91, 696, 245, 408, 229, 321, 255, 253, 332, 446, 310, 153, 433, 746, 418], 
[447, 309, 906, 739, 726, 551, 188, 347, 316, 311, 250, 460, 807, 756, 678, 194, 943, 204, 530, 920, 969, 805, 98, 368, 384, 489, 969, 357, 81, 903, 895, 596, 247, 515, 842, 780, 774, 670, 390, 979, 299, 262, 908, 795, 677, 202, 0, 206, 136, 9, 870, 182, 641, 896, 512, 299, 746, 172, 509, 321, 810, 752, 287, 600, 625, 701, 59, 24, 121, 268, 760, 804, 319, 84, 98, 544, 450, 324, 711, 801, 438, 938, 824, 675, 467, 791, 24, 254, 241, 142, 715, 553, 259, 792, 345, 242, 884, 952, 613, 625], 
[325, 234, 435, 360, 609, 593, 657, 780, 191, 9, 561, 22, 453, 597, 66, 857, 383, 626, 378, 811, 176, 91, 70, 890, 996, 353, 117, 2, 247, 484, 49, 232, 223, 307, 3, 53, 144, 342, 185, 839, 872, 994, 925, 18, 126, 45, 206, 0, 299, 847, 695, 26, 916, 347, 166, 70, 877, 729, 296, 443, 926, 372, 629, 227, 657, 674, 745, 443, 480, 585, 163, 93, 740, 599, 467, 204, 823, 393, 882, 414, 319, 555, 959, 101, 20, 714, 514, 206, 635, 813, 560, 871, 178, 582, 823, 991, 42, 131, 529, 272], 
[409, 906, 60, 187, 909, 274, 141, 360, 742, 982, 686, 113, 552, 445, 649, 455, 417, 256, 745, 627, 191, 459, 610, 5, 203, 884, 893, 878, 573, 991, 22, 33, 549, 916, 300, 517, 402, 457, 160, 777, 8, 894, 161, 200, 595, 279, 136, 299, 0, 282, 512, 36, 474, 548, 340, 542, 868, 682, 345, 545, 677, 618, 758, 309, 647, 540, 673, 913, 340, 264, 407, 82, 869, 718, 727, 330, 926, 541, 742, 8, 448, 349, 503, 874, 142, 215, 442, 341, 145, 946, 765, 682, 575, 976, 456, 375, 714, 4, 547, 930], 
[325, 23, 65, 789, 699, 358, 116, 825, 547, 549, 802, 331, 188, 351, 799, 729, 487, 67, 395, 738, 699, 348, 435, 501, 3, 590, 782, 191, 919, 730, 630, 249, 305, 284, 845, 275, 155, 347, 130, 665, 122, 427, 833, 356, 202, 276, 9, 847, 282, 0, 149, 551, 488, 315, 136, 495, 145, 483, 604, 827, 817, 998, 310, 793, 788, 314, 362, 95, 638, 540, 304, 741, 529, 972, 460, 713, 225, 265, 184, 529, 756, 716, 521, 396, 450, 940, 561, 581, 748, 506, 409, 171, 349, 860, 139, 785, 10, 371, 535, 823], 
[205, 293, 445, 539, 77, 447, 969, 913, 721, 502, 894, 950, 818, 736, 806, 679, 282, 538, 420, 345, 661, 979, 801, 680, 4, 665, 205, 593, 45, 8, 112, 402, 869, 394, 302, 23, 237, 727, 559, 535, 416, 569, 921, 990, 734, 19, 870, 695, 512, 149, 0, 989, 494, 935, 705, 356, 317, 548, 448, 980, 467, 459, 11, 519, 737, 946, 582, 502, 913, 663, 479, 374, 571, 176, 469, 20, 757, 193, 460, 234, 817, 249, 928, 469, 895, 849, 823, 996, 901, 748, 871, 45, 273, 933, 172, 622, 239, 36, 897, 550], 
[14, 431, 107, 132, 511, 264, 840, 796, 410, 677, 329, 933, 248, 210, 514, 322, 829, 927, 473, 278, 555, 733, 372, 990, 305, 912, 900, 248, 312, 394, 997, 188, 31, 849, 565, 379, 909, 218, 706, 570, 275, 48, 958, 769, 326, 410, 182, 26, 36, 551, 989, 0, 856, 337, 126, 796, 808, 212, 842, 699, 21, 537, 977, 530, 675, 383, 598, 851, 211, 98, 855, 784, 216, 436, 554, 955, 690, 608, 4, 777, 837, 209, 481, 265, 285, 564, 141, 128, 391, 882, 477, 519, 515, 250, 105, 56, 99, 618, 436, 567], 
[593, 241, 479, 14, 577, 685, 623, 923, 474, 907, 116, 652, 448, 493, 26, 449, 498, 876, 501, 696, 841, 166, 841, 481, 997, 803, 697, 906, 91, 357, 401, 113, 625, 732, 600, 764, 205, 475, 760, 54, 714, 884, 354, 230, 763, 164, 641, 916, 474, 488, 494, 856, 0, 412, 239, 857, 308, 601, 538, 563, 441, 374, 278, 375, 61, 419, 978, 586, 181, 607, 780, 216, 903, 957, 397, 252, 587, 812, 877, 69, 676, 149, 382, 955, 458, 154, 390, 761, 359, 803, 202, 987, 179, 208, 386, 308, 194, 162, 565, 867], 
[272, 561, 174, 124, 928, 849, 560, 934, 268, 910, 813, 82, 997, 635, 492, 487, 960, 555, 233, 163, 209, 194, 472, 737, 465, 975, 464, 751, 672, 929, 965, 994, 330, 362, 473, 604, 935, 340, 298, 205, 93, 270, 728, 432, 349, 678, 896, 347, 548, 315, 935, 337, 412, 0, 375, 563, 570, 318, 758, 1, 675, 756, 849, 509, 881, 231, 607, 857, 768, 302, 316, 954, 445, 386, 494, 944, 336, 188, 2, 635, 28, 160, 891, 635, 674, 484, 21, 107, 941, 794, 538, 74, 56, 558, 990, 510, 228, 840, 656, 333], 
[567, 249, 230, 764, 192, 250, 206, 917, 270, 569, 529, 154, 473, 306, 42, 33, 761, 949, 47, 875, 819, 714, 818, 58, 464, 188, 305, 563, 195, 783, 186, 123, 282, 523, 640, 619, 408, 936, 475, 701, 94, 663, 414, 920, 446, 75, 512, 166, 340, 136, 705, 126, 239, 375, 0, 892, 369, 274, 105, 720, 863, 412, 435, 931, 279, 399, 623, 853, 501, 668, 852, 918, 588, 988, 33, 643, 540, 687, 567, 1000, 707, 280, 930, 248, 827, 269, 429, 976, 115, 561, 6, 132, 86, 360, 967, 675, 108, 156, 930, 932], 
[275, 334, 486, 920, 625, 821, 467, 397, 507, 402, 993, 503, 562, 595, 835, 621, 819, 422, 510, 272, 700, 90, 83, 17, 44, 832, 912, 215, 654, 543, 479, 155, 880, 873, 96, 12, 789, 32, 485, 219, 588, 838, 516, 843, 417, 773, 299, 70, 542, 495, 356, 796, 857, 563, 892, 0, 605, 794, 632, 54, 541, 99, 806, 782, 858, 669, 876, 867, 373, 989, 357, 833, 949, 347, 181, 609, 719, 589, 49, 27, 275, 457, 898, 669, 785, 326, 589, 821, 646, 812, 964, 3, 487, 636, 789, 996, 564, 615, 195, 658], 
[143, 932, 389, 459, 541, 898, 997, 136, 402, 934, 923, 35, 925, 88, 380, 688, 439, 31, 699, 159, 972, 187, 251, 480, 821, 885, 805, 21, 276, 398, 442, 761, 183, 860, 575, 874, 856, 498, 940, 742, 156, 666, 251, 841, 613, 965, 746, 877, 868, 145, 317, 808, 308, 570, 369, 605, 0, 564, 832, 461, 699, 788, 374, 118, 518, 418, 385, 735, 258, 431, 174, 347, 400, 81, 800, 2, 876, 118, 608, 915, 690, 637, 202, 609, 134, 376, 314, 8, 936, 917, 106, 268, 245, 711, 643, 198, 658, 732, 785, 35], 
[464, 315, 649, 210, 768, 134, 440, 866, 370, 539, 373, 877, 306, 813, 156, 275, 799, 810, 938, 178, 249, 961, 31, 144, 540, 200, 886, 224, 418, 674, 911, 529, 946, 424, 621, 850, 831, 299, 895, 369, 558, 645, 219, 907, 220, 364, 172, 729, 682, 483, 548, 212, 601, 318, 274, 794, 564, 0, 199, 244, 432, 369, 318, 874, 311, 848, 937, 258, 155, 512, 14, 710, 794, 816, 177, 963, 273, 768, 755, 351, 876, 452, 287, 755, 671, 345, 56, 477, 938, 882, 80, 390, 126, 139, 117, 764, 9, 329, 752, 981], 
[953, 808, 460, 325, 482, 183, 420, 239, 432, 542, 914, 671, 582, 569, 277, 916, 751, 963, 371, 230, 972, 910, 395, 27, 149, 844, 426, 913, 210, 744, 431, 956, 755, 343, 403, 497, 167, 900, 343, 109, 199, 660, 925, 607, 63, 433, 509, 296, 345, 604, 448, 842, 538, 758, 105, 632, 832, 199, 0, 732, 446, 231, 633, 364, 188, 189, 930, 718, 948, 738, 760, 145, 312, 858, 624, 889, 215, 532, 659, 803, 741, 395, 169, 642, 589, 907, 879, 397, 91, 580, 436, 929, 486, 663, 784, 806, 573, 126, 717, 443], 
[119, 219, 612, 813, 852, 92, 423, 737, 321, 262, 966, 110, 438, 224, 362, 280, 761, 490, 951, 156, 593, 663, 716, 144, 791, 840, 57, 985, 63, 866, 521, 526, 123, 359, 841, 327, 531, 740, 149, 133, 626, 185, 285, 273, 999, 748, 321, 443, 545, 827, 980, 699, 563, 1, 720, 54, 461, 244, 732, 0, 263, 13, 382, 960, 72, 967, 489, 663, 131, 823, 542, 488, 135, 8, 338, 886, 456, 196, 636, 390, 344, 362, 917, 428, 420, 317, 415, 335, 283, 514, 34, 693, 709, 18, 343, 279, 290, 58, 604, 548], 
[186, 167, 926, 896, 718, 278, 987, 848, 627, 938, 190, 582, 158, 645, 696, 53, 439, 8, 633, 153, 706, 277, 54, 795, 23, 606, 883, 343, 16, 413, 294, 622, 757, 751, 184, 129, 302, 575, 291, 286, 624, 304, 727, 304, 967, 503, 810, 926, 677, 817, 467, 21, 441, 675, 863, 541, 699, 432, 446, 263, 0, 421, 600, 110, 100, 884, 619, 145, 633, 924, 706, 492, 73, 430, 229, 157, 693, 358, 248, 474, 751, 199, 288, 303, 460, 856, 97, 971, 307, 62, 193, 268, 518, 832, 472, 684, 390, 22, 872, 870], 
[996, 919, 237, 505, 923, 245, 703, 514, 367, 740, 161, 392, 68, 589, 799, 119, 871, 840, 511, 867, 909, 379, 306, 797, 516, 335, 716, 901, 680, 660, 92, 690, 472, 981, 497, 354, 112, 203, 301, 382, 404, 824, 31, 838, 734, 120, 752, 372, 618, 998, 459, 537, 374, 756, 412, 99, 788, 369, 231, 13, 421, 0, 261, 609, 99, 986, 685, 266, 351, 717, 192, 646, 931, 616, 944, 700, 668, 871, 184, 347, 368, 899, 920, 906, 504, 94, 688, 373, 976, 610, 686, 231, 97, 987, 711, 434, 954, 12, 393, 489], 
[67, 50, 130, 867, 814, 154, 467, 179, 602, 127, 955, 970, 292, 540, 869, 15, 283, 709, 990, 776, 99, 33, 336, 108, 144, 379, 603, 1, 155, 204, 406, 779, 305, 140, 474, 870, 200, 706, 956, 886, 732, 558, 618, 178, 811, 183, 287, 629, 758, 310, 11, 977, 278, 849, 435, 806, 374, 318, 633, 382, 600, 261, 0, 946, 743, 754, 730, 127, 365, 788, 334, 407, 466, 99, 872, 600, 805, 202, 866, 491, 60, 708, 840, 650, 234, 387, 537, 226, 443, 5, 49, 227, 961, 499, 903, 665, 922, 636, 926, 692], 
[743, 408, 434, 639, 366, 183, 739, 134, 54, 343, 839, 799, 610, 199, 461, 371, 982, 106, 198, 168, 226, 390, 598, 260, 843, 372, 490, 746, 255, 587, 922, 42, 21, 601, 88, 361, 701, 543, 918, 544, 415, 635, 565, 274, 606, 904, 600, 227, 309, 793, 519, 530, 375, 509, 931, 782, 118, 874, 364, 960, 110, 609, 946, 0, 437, 38, 978, 69, 795, 515, 940, 567, 814, 753, 40, 187, 568, 355, 903, 868, 851, 391, 641, 311, 68, 755, 968, 311, 518, 269, 102, 293, 460, 929, 179, 279, 242, 812, 656, 505], 
[190, 775, 644, 223, 546, 135, 282, 669, 504, 114, 41, 450, 758, 516, 76, 239, 273, 577, 798, 966, 505, 288, 488, 424, 154, 1000, 892, 348, 624, 297, 432, 947, 110, 48, 904, 413, 383, 498, 163, 425, 517, 885, 940, 475, 806, 754, 625, 657, 647, 788, 737, 675, 61, 881, 279, 858, 518, 311, 188, 72, 100, 99, 743, 437, 0, 555, 110, 499, 425, 244, 807, 484, 958, 516, 225, 583, 118, 876, 195, 234, 985, 214, 272, 340, 294, 900, 809, 785, 629, 284, 936, 708, 767, 486, 761, 359, 414, 292, 743, 553], 
[320, 891, 208, 700, 811, 370, 644, 313, 796, 528, 476, 498, 193, 540, 628, 690, 470, 708, 857, 166, 864, 776, 902, 722, 67, 712, 318, 149, 472, 902, 812, 753, 720, 49, 782, 411, 223, 566, 426, 539, 80, 95, 456, 672, 389, 487, 701, 674, 540, 314, 946, 383, 419, 231, 399, 669, 418, 848, 189, 967, 884, 986, 754, 38, 555, 0, 283, 674, 742, 750, 866, 642, 369, 30, 768, 940, 73, 39, 966, 440, 931, 836, 473, 29, 573, 776, 254, 677, 588, 149, 202, 544, 935, 530, 178, 602, 647, 237, 616, 62], 
[354, 471, 360, 168, 231, 921, 903, 557, 90, 258, 766, 548, 126, 281, 958, 229, 9, 329, 9, 39, 127, 710, 895, 135, 116, 463, 289, 461, 818, 720, 56, 457, 302, 465, 743, 895, 483, 557, 912, 438, 622, 333, 655, 364, 798, 114, 59, 745, 673, 362, 582, 598, 978, 607, 623, 876, 385, 937, 930, 489, 619, 685, 730, 978, 110, 283, 0, 421, 748, 309, 289, 13, 590, 932, 637, 522, 865, 423, 914, 251, 451, 347, 293, 434, 47, 825, 16, 288, 286, 354, 601, 324, 892, 349, 618, 205, 873, 497, 508, 633], 
[665, 501, 823, 173, 385, 993, 843, 972, 412, 309, 620, 12, 200, 632, 991, 964, 735, 328, 989, 941, 644, 136, 385, 604, 445, 634, 682, 579, 628, 527, 844, 3, 936, 498, 203, 910, 895, 975, 732, 228, 78, 675, 592, 844, 457, 414, 24, 443, 913, 95, 502, 851, 586, 857, 853, 867, 735, 258, 718, 663, 145, 266, 127, 69, 499, 674, 421, 0, 512, 591, 31, 477, 102, 789, 675, 649, 456, 468, 625, 159, 488, 893, 13, 761, 835, 562, 816, 375, 166, 712, 376, 905, 474, 709, 92, 108, 361, 228, 708, 101], 
[989, 774, 309, 478, 913, 549, 632, 591, 349, 950, 294, 599, 30, 710, 325, 417, 583, 356, 317, 194, 296, 759, 540, 969, 196, 579, 353, 426, 878, 917, 610, 399, 91, 410, 740, 957, 228, 995, 959, 846, 672, 193, 676, 87, 103, 564, 121, 480, 340, 638, 913, 211, 181, 768, 501, 373, 258, 155, 948, 131, 633, 351, 365, 795, 425, 742, 748, 512, 0, 585, 44, 376, 110, 186, 734, 669, 453, 872, 501, 199, 246, 326, 170, 736, 232, 485, 188, 83, 561, 35, 434, 868, 220, 265, 950, 947, 983, 241, 370, 519], 
[996, 962, 79, 936, 185, 270, 969, 832, 989, 965, 750, 348, 381, 64, 777, 79, 998, 558, 328, 635, 975, 687, 133, 512, 915, 142, 627, 577, 701, 691, 219, 620, 41, 645, 516, 517, 484, 211, 177, 41, 195, 500, 342, 12, 800, 238, 268, 585, 264, 540, 663, 98, 607, 302, 668, 989, 431, 512, 738, 823, 924, 717, 788, 515, 244, 750, 309, 591, 585, 0, 129, 986, 723, 840, 762, 841, 552, 282, 567, 805, 693, 225, 596, 261, 146, 199, 541, 440, 254, 199, 233, 897, 804, 258, 162, 966, 482, 730, 581, 486], 
[453, 49, 563, 735, 825, 859, 406, 617, 537, 77, 57, 54, 814, 420, 100, 177, 498, 743, 774, 479, 868, 235, 900, 185, 956, 843, 160, 686, 453, 171, 186, 819, 953, 60, 53, 161, 265, 53, 523, 903, 79, 961, 322, 244, 464, 139, 760, 163, 407, 304, 479, 855, 780, 316, 852, 357, 174, 14, 760, 542, 706, 192, 334, 940, 807, 866, 289, 31, 44, 129, 0, 94, 822, 89, 240, 449, 484, 697, 206, 479, 248, 771, 26, 472, 361, 642, 554, 529, 216, 160, 35, 472, 73, 653, 794, 714, 606, 336, 937, 421], 
[287, 214, 945, 104, 643, 777, 832, 557, 276, 787, 387, 697, 905, 385, 151, 482, 108, 174, 739, 174, 390, 596, 792, 788, 137, 80, 96, 730, 813, 24, 631, 234, 464, 30, 617, 821, 470, 190, 902, 539, 689, 17, 962, 266, 953, 367, 804, 93, 82, 741, 374, 784, 216, 954, 918, 833, 347, 710, 145, 488, 492, 646, 407, 567, 484, 642, 13, 477, 376, 986, 94, 0, 329, 954, 681, 736, 724, 36, 559, 772, 870, 974, 798, 311, 278, 782, 367, 144, 678, 372, 987, 10, 109, 447, 812, 566, 696, 837, 33, 64], 
[954, 400, 131, 762, 349, 296, 378, 727, 891, 191, 771, 422, 362, 656, 665, 760, 703, 972, 15, 830, 359, 674, 27, 718, 724, 796, 447, 858, 99, 63, 340, 956, 465, 69, 902, 23, 973, 328, 682, 36, 242, 756, 350, 705, 418, 611, 319, 740, 869, 529, 571, 216, 903, 445, 588, 949, 400, 794, 312, 135, 73, 931, 466, 814, 958, 369, 590, 102, 110, 723, 822, 329, 0, 602, 968, 139, 200, 413, 396, 862, 319, 272, 139, 795, 682, 774, 809, 961, 658, 831, 371, 250, 495, 725, 736, 531, 28, 282, 725, 486], 
[753, 955, 300, 450, 515, 389, 433, 290, 228, 354, 587, 743, 743, 495, 404, 363, 668, 871, 623, 685, 394, 675, 281, 422, 821, 556, 559, 166, 948, 874, 397, 219, 463, 107, 398, 449, 388, 421, 349, 472, 26, 793, 51, 639, 892, 459, 84, 599, 718, 972, 176, 436, 957, 386, 988, 347, 81, 816, 858, 8, 430, 616, 99, 753, 516, 30, 932, 789, 186, 840, 89, 954, 602, 0, 659, 856, 706, 770, 49, 217, 341, 629, 490, 841, 741, 641, 325, 579, 608, 464, 655, 736, 388, 757, 52, 206, 115, 407, 841, 689], 
[765, 737, 346, 183, 793, 430, 780, 845, 719, 973, 202, 117, 857, 333, 656, 128, 401, 748, 772, 649, 842, 464, 327, 652, 899, 819, 692, 503, 654, 1, 175, 135, 247, 606, 752, 14, 270, 18, 163, 701, 121, 187, 352, 656, 8, 289, 98, 467, 727, 460, 469, 554, 397, 494, 33, 181, 800, 177, 624, 338, 229, 944, 872, 40, 225, 768, 637, 675, 734, 762, 240, 681, 968, 659, 0, 357, 853, 788, 805, 43, 776, 486, 63, 857, 394, 927, 786, 200, 355, 306, 382, 279, 223, 720, 115, 969, 417, 274, 656, 432], 
[159, 431, 17, 715, 228, 687, 638, 915, 823, 752, 937, 317, 233, 59, 92, 476, 553, 163, 314, 502, 914, 494, 605, 413, 457, 94, 781, 389, 175, 41, 155, 528, 17, 602, 110, 921, 106, 165, 741, 134, 371, 567, 215, 912, 561, 953, 544, 204, 330, 713, 20, 955, 252, 944, 643, 609, 2, 963, 889, 886, 157, 700, 600, 187, 583, 940, 522, 649, 669, 841, 449, 736, 139, 856, 357, 0, 923, 148, 114, 510, 677, 81, 308, 216, 626, 32, 78, 335, 522, 164, 372, 907, 83, 672, 382, 912, 155, 789, 546, 386], 
[810, 856, 237, 81, 934, 316, 911, 532, 268, 563, 684, 562, 558, 451, 114, 460, 898, 86, 954, 15, 448, 460, 637, 999, 786, 301, 664, 796, 760, 270, 864, 693, 815, 83, 947, 984, 264, 963, 18, 55, 192, 607, 675, 781, 496, 105, 450, 823, 926, 225, 757, 690, 587, 336, 540, 719, 876, 273, 215, 456, 693, 668, 805, 568, 118, 73, 865, 456, 453, 552, 484, 724, 200, 706, 853, 923, 0, 158, 383, 373, 321, 705, 330, 113, 680, 368, 115, 559, 97, 245, 458, 976, 56, 470, 220, 513, 546, 411, 692, 319], 
[815, 541, 924, 1000, 613, 864, 48, 232, 239, 615, 623, 434, 59, 501, 175, 385, 782, 888, 621, 546, 763, 748, 128, 640, 748, 332, 62, 334, 165, 207, 368, 162, 38, 459, 866, 140, 745, 782, 626, 509, 129, 341, 603, 218, 463, 672, 324, 393, 541, 265, 193, 608, 812, 188, 687, 589, 118, 768, 532, 196, 358, 871, 202, 355, 876, 39, 423, 468, 872, 282, 697, 36, 413, 770, 788, 148, 158, 0, 516, 424, 669, 853, 602, 26, 449, 679, 979, 224, 143, 918, 916, 553, 918, 246, 393, 730, 148, 397, 321, 88], 
[959, 128, 962, 213, 592, 361, 437, 213, 34, 295, 55, 101, 263, 699, 517, 421, 232, 511, 190, 912, 781, 498, 559, 112, 892, 361, 978, 655, 443, 120, 120, 648, 767, 455, 834, 504, 341, 790, 895, 152, 952, 904, 85, 542, 150, 897, 711, 882, 742, 184, 460, 4, 877, 2, 567, 49, 608, 755, 659, 636, 248, 184, 866, 903, 195, 966, 914, 625, 501, 567, 206, 559, 396, 49, 805, 114, 383, 516, 0, 430, 312, 582, 652, 629, 921, 467, 713, 455, 858, 766, 560, 946, 540, 815, 266, 60, 601, 646, 996, 229], 
[822, 952, 526, 991, 403, 713, 396, 371, 178, 720, 816, 410, 657, 165, 524, 486, 158, 796, 964, 71, 954, 610, 1, 786, 316, 661, 877, 49, 363, 372, 182, 137, 30, 54, 188, 650, 156, 166, 874, 864, 214, 829, 991, 242, 796, 850, 801, 414, 8, 529, 234, 777, 69, 635, 1000, 27, 915, 351, 803, 390, 474, 347, 491, 868, 234, 440, 251, 159, 199, 805, 479, 772, 862, 217, 43, 510, 373, 424, 430, 0, 222, 152, 526, 610, 107, 634, 34, 10, 831, 419, 74, 767, 809, 8, 774, 253, 595, 506, 981, 580], 
[319, 580, 383, 357, 848, 74, 877, 542, 504, 246, 136, 546, 807, 501, 187, 291, 916, 315, 702, 255, 673, 440, 846, 246, 206, 523, 958, 74, 862, 182, 543, 527, 648, 900, 240, 729, 581, 783, 846, 961, 899, 476, 721, 112, 605, 396, 438, 319, 448, 756, 817, 837, 676, 28, 707, 275, 690, 876, 741, 344, 751, 368, 60, 851, 985, 931, 451, 488, 246, 693, 248, 870, 319, 341, 776, 677, 321, 669, 312, 222, 0, 228, 252, 936, 375, 282, 139, 342, 717, 50, 188, 313, 261, 520, 446, 496, 184, 533, 755, 69], 
