grafo30v1 =[
    [0  , 229, 383, 18 , 962, 544, 414, 534, 704, 747, 167, 735, 609, 543, 879, 823, 832, 312, 826, 610, 500, 732, 486, 714, 791, 318, 341, 237, 696, 529],
    [229, 0  , 985, 770, 350, 160, 844, 569, 44 , 99 , 154, 990, 389, 633, 893, 313, 35 , 976, 514, 39 , 709, 620, 676, 167, 588, 447, 564, 325, 713, 511],
    [383, 985, 0  , 15 , 231, 330, 279, 145, 661, 976, 312, 810, 183, 70 , 5  , 734, 946, 88 , 117, 456, 720, 689, 544, 869, 513, 781, 640, 291, 170, 894],
    [18 , 770, 15 , 0  , 156, 38 , 321, 102, 88 , 595, 884, 976, 407, 206, 890, 594, 692, 348, 8  , 850, 70 , 528, 817, 504, 385, 722, 175, 134, 936, 162],
    [962, 350, 231, 156, 0  , 28 , 690, 242, 74 , 391, 220, 761, 712, 99 , 674, 342, 113, 134, 69 , 847, 615, 838, 454, 472, 739, 726, 12 , 484, 739, 646],
    [544, 160, 330, 38 , 28 , 0  , 894, 860, 189, 321, 70 , 142, 433, 476, 619, 523, 388, 705, 672, 164, 813, 511, 604, 362, 833, 863, 747, 759, 204,  94],
    [414, 844, 279, 321, 690, 894, 0  , 541, 489, 313, 138, 703, 269, 122, 445, 570, 160, 495, 217, 379, 529, 312, 357, 834, 385, 336, 762, 401, 670, 604],
    [534, 569, 145, 102, 242, 860, 541, 0  , 31 , 287, 568, 932, 48 , 460, 177, 996, 919, 773, 298, 315, 969, 734, 246, 388, 74 , 825, 116, 433, 283, 212],
    [704, 44 , 661, 88 , 74 , 189, 489, 31 , 0  , 35 , 436, 755, 355, 359, 881, 84 , 740, 604, 466, 230, 429, 427, 610, 992, 960, 959, 953, 910, 97 , 905],
    [747, 99 , 976, 595, 391, 321, 313, 287, 35 , 0  , 261, 245, 806, 742, 455, 998, 145, 513, 687, 78 , 198, 670, 208, 707, 822, 309, 567, 120, 279, 899],
    [167, 154, 312, 884, 220, 70 , 138, 568, 436, 261, 0  , 45 , 564, 496, 89 , 697, 581, 779, 714, 67 , 916, 594, 470, 426, 653, 385, 553, 435, 452, 829],
    [735, 990, 810, 976, 761, 142, 703, 932, 755, 245, 45 , 0  , 42 , 1  , 422, 481, 553, 745, 209, 825, 305, 903, 751, 292, 639, 875, 334, 176, 678, 971],
    [609, 389, 183, 407, 712, 433, 269, 48 , 355, 806, 564, 42 , 0  , 383, 200, 694, 673, 631, 456, 56 , 608, 498, 361, 699, 826, 403, 997, 215, 170, 310],
    [543, 633, 70 , 206, 99 , 476, 122, 460, 359, 742, 496, 1  , 383, 0  , 467, 177, 704, 388, 171, 125, 684, 45 , 581, 782, 732, 986, 345, 357, 829, 423],
    [879, 893, 5  , 890, 674, 619, 445, 177, 881, 455, 89 , 422, 200, 467, 0  , 608, 857, 428, 510, 965, 577, 189, 589, 387, 837, 37 ,395 , 547, 937, 686],
    [823, 313, 734, 594, 342, 523, 570, 996, 84 , 998, 697, 481, 694, 177, 608, 0  , 353, 621, 25 , 398, 647, 292, 481, 645, 24 , 341, 531, 578, 973, 231],
    [832, 35 , 946, 692, 113, 388, 160, 919, 740, 145, 581, 553, 673, 704, 857, 353, 0  , 701, 970, 331, 460, 916, 527, 850, 654, 217, 441, 165, 217,  61],
    [312, 976, 88 , 348, 134, 705, 495, 773, 604, 513, 779, 745, 631, 388, 428, 621, 701, 0  , 208, 54 , 242, 643, 457, 569, 895, 5  , 679, 972, 418, 499],
    [826, 514, 117, 8  , 69 , 672, 217, 298, 466, 687, 714, 209, 456, 171, 510, 25 , 970, 208, 0  , 717, 755, 659, 822, 244, 142, 994, 946, 84 , 599, 745],
    [610, 39 , 456, 850, 847, 164, 379, 315, 230, 78 , 67 , 825, 56 , 125, 965, 398, 331, 54 , 717, 0  , 300, 900, 280, 531, 946, 486, 294, 432, 757, 461],
    [500, 709, 720, 70 , 615, 813, 529, 969, 429, 198, 916, 305, 608, 684, 577, 647, 460, 242, 755, 300, 0  , 158, 157, 807, 554, 143, 339, 823, 332, 319],
    [732, 620, 689, 528, 838, 511, 312, 734, 427, 670, 594, 903, 498, 45 , 189, 292, 916, 643, 659, 900, 158, 0  , 631, 621, 881, 114, 492, 645, 35 , 111],
    [486, 676, 544, 817, 454, 604, 357, 246, 610, 208, 470, 751, 361, 581, 589, 481, 527, 457, 822, 280, 157, 631, 0  , 924, 38 , 587, 393, 124, 612, 252],
    [714, 167, 869, 504, 472, 362, 834, 388, 992, 707, 426, 292, 699, 782, 387, 645, 850, 569, 244, 531, 807, 621, 924, 0  , 335, 430, 336, 35 , 525, 446],
    [791, 588, 513, 385, 739, 833, 385, 74 , 960, 822, 653, 639, 826, 732, 837, 24 , 654, 895, 142, 946, 554, 881, 38 , 335, 0  , 6  , 431, 50 , 976, 879],
    [318, 447, 781, 722, 726, 863, 336, 825, 959, 309, 385, 875, 403, 986, 37 , 341, 217, 5  , 994, 486, 143, 114, 587, 430, 6  , 0  , 653, 155, 275, 642],
    [341, 564, 640, 175, 12 , 747, 762, 116, 953, 567, 553, 334, 997, 345, 395, 531, 441, 679, 946, 294, 339, 492, 393, 336, 431, 653, 0  , 495, 53 , 266],
    [237, 325, 291, 134, 484, 759, 401, 433, 910, 120, 435, 176, 215, 357, 547, 578, 165, 972, 84 , 432, 823, 645, 124, 35 , 50 , 155, 495, 0  , 418, 831],
    [696, 713, 170, 936, 739, 204, 670, 283, 97 , 279, 452, 678, 170, 829, 937, 973, 217, 418, 599, 757, 332, 35 , 612, 525, 976, 275, 53 , 418, 0  , 276],
    [529, 511, 894, 162, 646, 94 , 604, 212, 905, 899, 829, 971, 310, 423, 686, 231, 61 , 499, 745, 461, 319, 111, 252, 446, 879, 642, 266, 831, 276,   0]
]

grafo30v2 = [
    [0  , 821, 634, 266, 357, 717, 781, 949, 841, 836, 715, 31 , 104, 319, 596, 732, 143, 878, 201, 992, 496, 502, 63 , 77 , 140, 133, 392, 552, 110, 363],
    [821, 0  , 61 , 295, 427, 384, 480, 422, 582, 308, 562, 488, 762, 490, 566, 89 , 123, 449, 278, 610, 971, 817, 136, 301, 693, 987, 175, 676, 413, 715],
    [634, 61 , 0  , 554, 294, 423, 24 , 652, 2  , 531, 423, 77 , 888, 102, 905, 609, 619, 483, 608, 68 , 639, 493, 925, 319, 535, 710, 103, 348, 502, 334],
    [266, 295, 554, 0  , 218, 176, 478, 701, 22 , 704, 213, 659, 358, 102, 580, 16 , 442, 63 , 862, 487, 26 , 612, 538, 641, 16 , 342, 880, 240, 269, 54],
    [357, 427, 294, 218, 0  , 6  , 602, 208, 414, 355, 656, 15 , 814, 169, 530, 94 , 803, 654, 182, 194, 566, 746, 779, 751, 847, 468, 174, 773, 365, 670],
    [717, 384, 423, 176, 6  , 0  , 976, 686, 913, 841, 280, 471, 599, 448, 159, 782, 738, 218, 599, 912, 581, 608, 126, 171, 812, 786, 129, 561, 29 , 88],
    [781, 480, 24 , 478, 602, 976, 0  , 135, 885, 81 , 79 , 421, 546, 371, 201, 140, 414, 22 , 300, 703, 895, 727, 879, 531, 24 , 901, 619, 537, 512, 777],
    [949, 422, 652, 701, 208, 686, 135, 0  , 525, 395, 881, 968, 850, 598, 500, 300, 198, 776, 791, 947, 812, 531, 664, 799, 703, 128, 547, 35 , 952, 522],
    [841, 582, 2  , 22 , 414, 913, 885, 525, 0  , 853, 301, 756, 439, 200, 450, 462, 842, 537, 688, 359, 191, 767, 464, 897, 902, 524, 200, 45 , 625, 76],
    [836, 308, 531, 704, 355, 841, 81 , 395, 853, 0  , 990, 988, 194, 699, 649, 434, 666, 184, 478, 483, 461, 143, 614, 436, 385, 815, 310, 151, 379, 695],
    [715, 562, 423, 213, 656, 280, 79 , 881, 301, 990, 0  , 131, 302, 880, 777, 151, 751, 173, 266, 406, 773, 993, 824, 982, 376, 338, 245, 838, 223, 617],
    [31 , 488, 77 , 659, 15 , 471, 421, 968, 756, 988, 131, 0  , 674, 456, 418, 942, 533, 207, 64 , 81 , 344, 68 , 819, 769, 717, 227, 293, 162, 486, 108],
    [104, 762, 888, 358, 814, 599, 546, 850, 439, 194, 302, 674, 0  , 649, 905, 27 , 119, 406, 209, 497, 861, 336, 434, 63 , 385, 598, 370, 389, 375, 842],
    [319, 490, 102, 102, 169, 448, 371, 598, 200, 699, 880, 456, 649, 0  , 843, 337, 69 , 125, 797, 924, 798, 542, 412, 93 , 610, 15 , 775, 685, 204, 743],
    [596, 566, 905, 580, 530, 159, 201, 500, 450, 649, 777, 418, 905, 843, 0  , 244, 173, 674, 401, 859, 615, 3  , 471, 460, 438, 855, 765, 518, 148, 769],
    [732, 89 , 609, 16 , 94 , 782, 140, 300, 462, 434, 151, 942, 27 , 337, 244, 0  , 554, 746, 760, 470, 452, 776, 362, 376, 875, 636, 856, 931, 457, 78],
    [143, 123, 619, 442, 803, 738, 414, 198, 842, 666, 751, 533, 119, 69 , 173, 554, 0  , 654, 130, 813, 327, 874, 563, 452, 966, 732, 694, 817, 381, 769],
    [878, 449, 483, 63 , 654, 218, 22 , 776, 537, 184, 173, 207, 406, 125, 674, 746, 654, 0  , 784, 288, 186, 632, 131, 385, 366, 553, 783, 29 , 160, 949],
    [201, 278, 608, 862, 182, 599, 300, 791, 688, 478, 266, 64 , 209, 797, 401, 760, 130, 784, 0  , 46 , 718, 707, 252, 526, 436, 576, 211, 851, 137, 221],
    [992, 610, 68 , 487, 194, 912, 703, 947, 359, 483, 406, 81 , 497, 924, 859, 470, 813, 288, 46 , 0  , 674, 98 , 607, 742, 889, 639, 909, 783, 679, 680],
    [496, 971, 639, 26 , 566, 581, 895, 812, 191, 461, 773, 344, 861, 798, 615, 452, 327, 186, 718, 674, 0  , 615, 57 , 626, 860, 84 , 299, 974, 412, 114],
    [502, 817, 493, 612, 746, 608, 727, 531, 767, 143, 993, 68 , 336, 542, 3  , 776, 874, 632, 707, 98 , 615, 0  , 886, 472, 881, 383, 579, 165, 978, 523],
    [63 , 136, 925, 538, 779, 126, 879, 664, 464, 614, 824, 819, 434, 412, 471, 362, 563, 131, 252, 607, 57 , 886, 0  , 189, 797, 342, 35 , 17 , 568, 913],
    [77 , 301, 319, 641, 751, 171, 531, 799, 897, 436, 982, 769, 63 , 93 , 460, 376, 452, 385, 526, 742, 626, 472, 189, 0  , 791, 596, 492, 773, 146, 335],
    [140, 693, 535, 16 , 847, 812, 24 , 703, 902, 385, 376, 717, 385, 610, 438, 875, 966, 366, 436, 889, 860, 881, 797, 791, 0  , 322, 991, 783, 807, 865],
    [133, 987, 710, 342, 468, 786, 901, 128, 524, 815, 338, 227, 598, 15 , 855, 636, 732, 553, 576, 639, 84 , 383, 342, 596, 322, 0  , 882, 627, 84 , 918],
    [392, 175, 103, 880, 174, 129, 619, 547, 200, 310, 245, 293, 370, 775, 765, 856, 694, 783, 211, 909, 299, 579, 35 , 492, 991, 882, 0  , 946, 734, 834],
    [552, 676, 348, 240, 773, 561, 537, 35 , 45 , 151, 838, 162, 389, 685, 518, 931, 817, 29 , 851, 783, 974, 165, 17 , 773, 783, 627, 946, 0  , 109, 658],
    [110, 413, 502, 269, 365, 29 , 512, 952, 625, 379, 223, 486, 375, 204, 148, 457, 381, 160, 137, 679, 412, 978, 568, 146, 807, 84 , 734, 109, 0  , 945],
    [363, 715, 334, 54 , 670, 88 , 777, 522, 76 , 695, 617, 108, 842, 743, 769, 78 , 769, 949, 221, 680, 114, 523, 913, 335, 865, 918, 834, 658, 945, 0]
]